100000004987	100000004989	100000005011	100000005023	100000005031	100000005037	100000005041	100000005067	100000005103	100000005143
100000005163	100000005169	100000005181	100000005227	100000005239	100000005257	100000005263	100000005407	100000005419	100000005431
100000005433	100000005449	100000005461	100000005481	100000005503	100000005529	100000005559	100000005583	100000005617	100000005631
100000005671	100000005673	100000005683	100000005691	100000005701	100000005731	100000005761	100000005793	100000005799	100000005803
100000005821	100000005841	100000005863	100000005869	100000005881	100000005883	100000005907	100000005953	100000005991	100000006033
100000006037	100000006039	100000006097	100000006109	100000006147	100000006163	100000006193	100000006201	100000006217	100000006259
100000006277	100000006279	100000006289	100000006307	100000006339	100000006399	100000006409	100000006411	100000006433	100000006439
100000006459	100000006489	100000006499	100000006517	100000006543	100000006619	100000006663	100000006679	100000006703	100000006721
100000006741	100000006759	100000006789	100000006867	100000006877	100000007017	100000007071	100000007089	100000007143	100000007147
100000007167	100000007279	100000007293	100000007299	100000007309	100000007351	100000007413	100000007417	100000007431	100000007531
100000007533	100000007537	100000007539	100000007573	100000007587	100000007603	100000007621	100000007629	100000007671	100000007699
100000007711	100000007753	100000007791	100000007801	100000007837	100000007869	100000007879	100000007927	100000007963	100000008001
100000008037	100000008079	100000008083	100000008127	100000008131	100000008161	100000008169	100000008181	100000008209	100000008211
100000008253	100000008349	100000008377	100000008397	100000008421	100000008431	100000008443	100000008469	100000008481	100000008523
100000008527	100000008551	100000008569	100000008587	100000008601	100000008617	100000008653	100000008737	100000008739	100000008761
100000008781	100000008799	100000008841	100000008853	100000008869	100000008883	100000008931	100000008937	100000008947	100000009009
100000009069	100000009079	100000009091	100000009103	100000009159	100000009181	100000009189	100000009199	100000009283	100000009309
100000009349	100000009363	100000009387	100000009393	100000009397	100000009399	100000009507	100000009511	100000009541	100000009547
100000009583	100000009601	100000009633	100000009639	100000009649	100000009699	100000009717	100000009729	100000009741	100000009819
100000009831	100000009849	100000009861	100000009939	100000009997	100000010039	100000010053	100000010057	100000010081	100000010093
100000010101	100000010141	100000010147	100000010179	100000010191	100000010203	100000010237	100000010239	100000010251	100000010287
100000010321	100000010437	100000010479	100000010491	100000010549	100000010573	100000010611	100000010681	100000010687	100000010723
100000010729	100000010749	100000010771	100000010807	100000010813	100000010849	100000010863	100000010881	100000010909	100000010983
100000011011	100000011043	100000011061	100000011073	100000011103	100000011107	100000011119	100000011143	100000011157	100000011173
100000011187	100000011257	100000011281	100000011289	100000011311	100000011341	100000011343	100000011403	100000011427	100000011479
100000011497	100000011499	100000011521	100000011539	100000011581	100000011583	100000011589	100000011623	100000011641	100000011653
100000011673	100000011677	100000011679	100000011689	100000011719	100000011733	100000011739	100000011773	100000011791	100000011799
100000011817	100000011833	100000011857	100000011911	100000011997	100000012001	100000012061	100000012069	100000012087	100000012097
100000012103	100000012157	100000012183	100000012187	100000012193	100000012223	100000012247	100000012261	100000012303	100000012337
100000012349	100000012361	100000012367	100000012391	100000012397	100000012417	100000012429	100000012459	100000012477	100000012493
100000012501	100000012547	100000012561	100000012573	100000012579	100000012597	100000012631	100000012649	100000012661	100000012667
100000012669	100000012703	100000012711	100000012769	100000012771	100000012817	100000012831	100000012897	100000012901	100000012909
100000012919	100000012967	100000013011	100000013059	100000013081	100000013093	100000013131	100000013137	100000013159	100000013167
100000013227	100000013263	100000013293	100000013297	100000013303	100000013353	100000013413	100000013429	100000013441	100000013537
100000013543	100000013549	100000013557	100000013579	100000013593	100000013681	100000013719	100000013753	100000013783	100000013821
100000013879	100000013887	100000013929	100000013941	100000013957	100000013959	100000014019	100000014043	100000014067	100000014143
100000014151	100000014161	100000014167	100000014173	100000014187	100000014203	100000014221	100000014227	100000014259	100000014271
100000014383	100000014421	100000014437	100000014479	100000014511	100000014523	100000014533	100000014601	100000014607	100000014619
100000014671	100000014679	100000014773	100000014781	100000014809	100000014937	100000014941	100000014973	100000015001	100000015009
100000015021	100000015039	100000015111	100000015123	100000015151	100000015153	100000015187	100000015211	100000015277	100000015301
100000015333	100000015351	100000015373	100000015393	100000015439	100000015469	100000015483	100000015597	100000015607	100000015613
100000015673	100000015741	100000015747	100000015751	100000015757	100000015789	100000015799	100000015823	100000015831	100000015837
100000015859	100000015873	100000015877	100000015967	100000015991	100000015993	100000016029	100000016057	100000016089	100000016167
100000016177	100000016191	100000016197	100000016201	100000016251	100000016261	100000016297	100000016339	100000016359	100000016393
100000016407	100000016429	100000016461	100000016471	100000016483	100000016539	100000016551	100000016579	100000016609	100000016647
100000016671	100000016681	100000016707	100000016723	100000016729	100000016737	100000016749	100000016761	100000016771	100000016803
100000016899	100000016917	100000016933	100000016939	100000016983	100000017011	100000017017	100000017049	100000017059	100000017071
100000017101	100000017127	100000017209	100000017239	100000017289	100000017329	100000017347	100000017407	100000017413	100000017433
100000017437	100000017449	100000017461	100000017479	100000017517	100000017569	100000017581	100000017613	100000017617	100000017653
100000017679	100000017707	100000017721	100000017727	100000017731	100000017781	100000017809	100000017823	100000017839	100000017857
100000017877	100000017883	100000017917	100000017967	100000017991	100000018003	100000018049	100000018057	100000018081	100000018103
100000018121	100000018133	100000018177	100000018193	100000018201	100000018219	100000018243	100000018249	100000018267	100000018273
100000018331	100000018337	100000018367	100000018381	100000018403	100000018409	100000018411	100000018421	100000018439	100000018499
100000018577	100000018603	100000018609	100000018627	100000018639	100000018649	100000018673	100000018687	100000018691	100000018747
100000018763	100000018823	100000018837	100000018889	100000018903	100000018927	100000018981	100000019011	100000019039	100000019059
100000019111	100000019113	100000019153	100000019159	100000019227	100000019237	100000019243	100000019293	100000019363	100000019393
100000019429	100000019467	100000019477	100000019501	100000019519	100000019543	100000019557	100000019591	100000019599	100000019677
100000019719	100000019729	100000019767	100000019771	100000019809	100000019813	100000019849	100000019857	100000019893	100000019909
100000020013	100000020049	100000020053	100000020083	100000020137	100000020143	100000020151	100000020167	100000020181	100000020229
100000020233	100000020247	100000020271	100000020331	100000020347	100000020359	100000020377	100000020383	100000020391	100000020401
